10,6
583,9
583,8
583,7
583,6
583,5
583,4
583,3
583,1
583,0
582,9
582,8
582,7
582,6
582,5
582,4
582,3
582,1
582,0
10,43
10,44
581,9
581,8
581,7
581,6
581,5
581,4
581,3
581,1
581,0
580,8
580,7
580,6
580,5
580,4
580,3
580,1
580,0
579,8
579,7
579,6
579,5
579,4
579,3
579,1
579,0
578,7
578,6
578,5
578,4
578,3
578,1
578,0
0,619
577,6
577,5
577,4
577,3
577,1
577,0
576,6
576,5
576,4
576,3
576,1
576,0
0,616
575,6
575,5
575,4
575,3
575,1
575,0
574,6
574,5
574,4
574,3
574,1
574,0
15,10
573,39
573,38
573,37
573,36
573,35
0,615
0,825
0,670
13,93
0,669
13,81
0,668
13,33
0,667
13,1
0,666
13,68
0,665
13,2
0,664
13,5
0,663
16,6
16,1
0,662
16,8
16,2
0,661
0,660
16,5
8,7
0,659
8,6
8,2
0,658
8,1
0,657
0,656
8,5
0,655
0,654
5,6
0,653
5,2
5,1
0,652
5,5
0,651
6,6
0,650
6,2
6,1
0,649
6,5
0,648
0,647
0,646
0,645
0,644
0,643
0,642
0,641
0,640
0,639
0,638
0,637
0,634
0,631
0,628
2,2
2,1
0,624
2,5
0,622
0,621
0,618
0,617
0,414
0,407
0,308
0,305
30,8
30,6
30,1
30,9
29,1
30,5
29,5
0,340
0,10
0,356
0,311
0,310
0,0
0,307
0,306
0,13
0,339
0,11
0,9
573,34
573,33
573,32
573,31
573,30
573,29
573,28
573,27
573,26
573,25
573,24
573,23
573,22
573,21
573,20
573,19
573,18
573,17
573,16
573,15
573,14
573,13
573,12
573,11
573,10
573,9
573,8
573,7
573,6
573,5
573,4
573,3
573,2
573,0
0,784
0,469
0,303
0,477
0,468
0,302
0,828
0,467
0,301
0,491
0,466
0,300
0,465
0,299
0,579
0,464
0,298
0,601
0,463
0,297
0,827
0,462
0,296
0,783
